=======∞¥0º∆À„=========
Precision: 0.981646207047124     Recall: 0.9987460231018372   F1: 0.9901222903783791
Precision: 0.659945362299987     Recall: 0.018175499441084583   F1: 0.03537669238735142
Precision: 0.985389056884303     Recall: 0.6316209980222993   F1: 0.7698064927437508
Precision: 0.9816556931034605     Recall: 0.9940955602052223   F1: 0.987836464261492

Process finished with exit code 0